pop:
0.840188 0.394383 0.783099 0.79844 0.911647 
0.197551 0.335223 0.76823 0.277775 0.55397 
0.477397 0.628871 0.364784 0.513401 0.95223 
0.916195 0.635712 0.717297 0.141603 0.606969 
0.0163006 0.242887 0.137232 0.804177 0.156679 
0.400944 0.12979 0.108809 0.998924 0.218257 
0.512932 0.839112 0.61264 0.296032 0.637552 
0.524287 0.493583 0.972775 0.292517 0.771358 
0.526745 0.769914 0.400229 0.891529 0.283315 
0.352458 0.807725 0.919026 0.0697553 0.949327 

pop_Fobj:
0 
1 
2 
3 
4 
5 
6 
7 
8 
9 
iteração: 0
Mating pool:
2 1 
0 4 
0 1 
4 4 
2 3 
3 1 
3 3 
2 2 
2 4 
0 1 
3 3 
3 1 
1 0 
0 1 
4 4 
1 2 
0 3 
3 1 
0 3 
0 4 

'to_choose' parents:
1 0 0 4 2 1 3 2 2 0 3 1 0 0 4 1 0 1 0 0 

Crossover:
1, 3
NOT	OK	NOT	OK	OK	
0, 1
NOT	OK	NOT	OK	OK	
0, 0
NOT	NOT	OK	NOT	NOT	
4, 0
OK	OK	NOT	OK	OK	
2, 4
NOT	OK	OK	OK	OK	
1, 1
OK	OK	NOT	OK	OK	
3, 0
NOT	OK	OK	OK	NOT	
2, 1
NOT	OK	NOT	OK	OK	
2, 0
NOT	OK	OK	OK	NOT	
0, 0
NOT	OK	NOT	OK	OK	

p_cross:
0.840129 0.168043 0.812924 0.259088 0.391701 
0.65418 0.0560149 0.73224 0.0981732 0.266925 
0.639825 0.97392 0.333624 0.747099 0.622835 
0.16022 0.184098 0.653282 0.0812201 0.10665 
0.860087 0.024826 0.0708205 0.318155 0.044204 
0.240346 0.143266 0.96881 0.526922 0.128273 
0.660891 0.367052 0.296316 0.473815 0.626139 
0.688017 0.127995 0.682154 0.420257 0.226168 
0.94908 0.0600818 0.200088 0.282703 0.807181 
0.822923 0.442923 0.991279 0.476204 0.524143 

Offspring:
0.197551 0.545565 0.76823 0.182454 0.591069 
0.840188 0.352971 0.783099 0.433974 0.661273 
0.840188 0.394383 0.783099 0.79844 0.911647 
0.593022 0.348934 0.137232 0.800161 0.685157 
0.477397 0.358682 0.205497 0.716944 0.395344 
0.197551 0.335223 0.76823 0.277775 0.55397 
0.916195 0.466782 0.763359 0.601389 0.606969 
0.477397 0.423317 0.364784 0.348463 0.673448 
0.477397 0.464729 0.657605 0.712928 0.95223 
0.840188 0.394383 0.783099 0.79844 0.911647 
0.916195 0.425369 0.717297 0.236923 0.56987 
0.197551 0.376635 0.76823 0.64224 0.804344 
0.840188 0.394383 0.783099 0.79844 0.911647 
0.263467 0.288336 0.783099 0.802456 0.38317 
0.0163006 0.513076 0.296519 0.600634 0.713565 
0.197551 0.335223 0.76823 0.277775 0.55397 
0.840188 0.563313 0.737038 0.338654 0.911647 
0.197551 0.540776 0.76823 0.442713 0.832752 
0.840188 0.558524 0.490279 0.598913 0.911647 
0.840188 0.394383 0.783099 0.79844 0.911647 

Off_Fobj:
2.28487 3.07151 3.72776 2.56451 2.15386 2.13275 3.35469 2.28741 3.26489 3.72776 2.86565 2.789 3.72776 2.52053 2.14009 2.13275 3.39084 2.78202 3.39955 3.72776 

Sel_inds: 
0.840188 0.394383 0.783099 0.79844 0.911647 
0.197551 0.335223 0.76823 0.277775 0.55397 
0.477397 0.628871 0.364784 0.513401 0.95223 
0.916195 0.635712 0.717297 0.141603 0.606969 
0.0163006 0.242887 0.137232 0.804177 0.156679 
0.400944 0.12979 0.108809 0.998924 0.218257 
0.512932 0.839112 0.61264 0.296032 0.637552 
0.524287 0.493583 0.972775 0.292517 0.771358 
0.526745 0.769914 0.400229 0.891529 0.283315 
0.352458 0.807725 0.919026 0.0697553 0.949327 
0.197551 0.545565 0.76823 0.182454 0.591069 
0.840188 0.352971 0.783099 0.433974 0.661273 
0.840188 0.394383 0.783099 0.79844 0.911647 
0.593022 0.348934 0.137232 0.800161 0.685157 
0.477397 0.358682 0.205497 0.716944 0.395344 
0.197551 0.335223 0.76823 0.277775 0.55397 
0.916195 0.466782 0.763359 0.601389 0.606969 
0.477397 0.423317 0.364784 0.348463 0.673448 
0.477397 0.464729 0.657605 0.712928 0.95223 
0.840188 0.394383 0.783099 0.79844 0.911647 
0.916195 0.425369 0.717297 0.236923 0.56987 
0.197551 0.376635 0.76823 0.64224 0.804344 
0.840188 0.394383 0.783099 0.79844 0.911647 
0.263467 0.288336 0.783099 0.802456 0.38317 
0.0163006 0.513076 0.296519 0.600634 0.713565 
0.197551 0.335223 0.76823 0.277775 0.55397 
0.840188 0.563313 0.737038 0.338654 0.911647 
0.197551 0.540776 0.76823 0.442713 0.832752 
0.840188 0.558524 0.490279 0.598913 0.911647 
0.840188 0.394383 0.783099 0.79844 0.911647 

Sel_fobj: 
0 1 2 3 4 5 6 7 8 9 2.28487 3.07151 3.72776 2.56451 2.15386 2.13275 3.35469 2.28741 3.26489 3.72776 2.86565 2.789 3.72776 2.52053 2.14009 2.13275 3.39084 2.78202 3.39955 3.72776 
iteração: 1
Mating pool:
3 4 
1 4 
4 3 
3 2 
3 1 
2 3 
3 1 
4 0 
1 2 
0 2 
4 0 
3 0 
4 3 
2 2 
4 1 
4 2 
0 2 
1 1 
1 0 
0 1 

'to_choose' parents:
3 1 3 2 1 2 1 0 1 0 0 0 3 2 1 2 0 1 0 0 

Crossover:
3, 0
NOT	OK	NOT	OK	OK	
1, 0
OK	OK	OK	OK	NOT	
3, 3
NOT	OK	OK	OK	OK	
2, 2
OK	OK	NOT	OK	OK	
1, 1
OK	OK	NOT	OK	OK	
2, 2
OK	NOT	OK	OK	NOT	
1, 0
NOT	NOT	OK	NOT	OK	
0, 1
NOT	OK	OK	OK	OK	
1, 0
NOT	NOT	NOT	NOT	NOT	
0, 0
OK	NOT	OK	NOT	OK	

p_cross:
0.800911 0.264506 0.73721 0.10398 0.486809 
0.433899 0.0331892 0.397129 0.258582 0.644552 
0.727706 0.309434 0.204995 0.118365 0.560374 
0.0481411 0.316205 0.634237 0.33421 0.505324 
0.184304 0.144422 0.792371 0.0706632 0.503602 
0.248168 0.611469 0.455956 0.113061 0.949989 
0.970292 0.913971 0.214495 0.707502 0.0179517 
0.701303 0.141401 0.0511409 0.0984318 0.399983 
0.695693 0.826138 0.709418 0.900688 0.944503 
0.269792 0.94883 0.260708 0.904029 0.28304 

Offspring:
0.916195 0.466782 0.717297 0.601389 0.820244 
0.647397 0.376635 0.778638 0.64224 0.55397 
0.916195 0.635712 0.717297 0.141603 0.606969 
0.477397 0.628871 0.364784 0.513401 0.95223 
0.197551 0.335223 0.76823 0.277775 0.55397 
0.477397 0.628871 0.364784 0.513401 0.95223 
0.197551 0.335223 0.778638 0.277775 0.804344 
0.840188 0.352971 0.772691 0.433974 0.661273 
0.197551 0.335223 0.76823 0.277775 0.55397 
0.840188 0.394383 0.783099 0.79844 0.911647 
0.840188 0.563313 0.783099 0.338654 0.698372 
0.390342 0.352971 0.772691 0.433974 0.911647 
0.916195 0.635712 0.717297 0.141603 0.606969 
0.477397 0.628871 0.364784 0.513401 0.95223 
0.197551 0.335223 0.76823 0.277775 0.55397 
0.477397 0.628871 0.364784 0.513401 0.95223 
0.840188 0.394383 0.772691 0.79844 0.661273 
0.197551 0.376635 0.778638 0.64224 0.804344 
0.840188 0.394383 0.783099 0.79844 0.911647 
0.840188 0.394383 0.783099 0.79844 0.911647 

Off_Fobj:
3.52191 2.99888 3.01778 2.93668 2.13275 2.93668 2.39353 3.0611 2.13275 3.72776 3.22363 2.86163 3.01778 2.93668 2.13275 2.93668 3.46697 2.79941 3.72776 3.72776 

Sel_inds: 
0.840188 0.394383 0.783099 0.79844 0.911647 
0.197551 0.335223 0.76823 0.277775 0.55397 
0.477397 0.628871 0.364784 0.513401 0.95223 
0.916195 0.635712 0.717297 0.141603 0.606969 
0.0163006 0.242887 0.137232 0.804177 0.156679 
0.400944 0.12979 0.108809 0.998924 0.218257 
0.512932 0.839112 0.61264 0.296032 0.637552 
0.524287 0.493583 0.972775 0.292517 0.771358 
0.526745 0.769914 0.400229 0.891529 0.283315 
0.352458 0.807725 0.919026 0.0697553 0.949327 
0.916195 0.466782 0.717297 0.601389 0.820244 
0.647397 0.376635 0.778638 0.64224 0.55397 
0.916195 0.635712 0.717297 0.141603 0.606969 
0.477397 0.628871 0.364784 0.513401 0.95223 
0.197551 0.335223 0.76823 0.277775 0.55397 
0.477397 0.628871 0.364784 0.513401 0.95223 
0.197551 0.335223 0.778638 0.277775 0.804344 
0.840188 0.352971 0.772691 0.433974 0.661273 
0.197551 0.335223 0.76823 0.277775 0.55397 
0.840188 0.394383 0.783099 0.79844 0.911647 
0.840188 0.563313 0.783099 0.338654 0.698372 
0.390342 0.352971 0.772691 0.433974 0.911647 
0.916195 0.635712 0.717297 0.141603 0.606969 
0.477397 0.628871 0.364784 0.513401 0.95223 
0.197551 0.335223 0.76823 0.277775 0.55397 
0.477397 0.628871 0.364784 0.513401 0.95223 
0.840188 0.394383 0.772691 0.79844 0.661273 
0.197551 0.376635 0.778638 0.64224 0.804344 
0.840188 0.394383 0.783099 0.79844 0.911647 
0.840188 0.394383 0.783099 0.79844 0.911647 

Sel_fobj: 
0 1 2 3 4 5 6 7 8 9 3.52191 2.99888 3.01778 2.93668 2.13275 2.93668 2.39353 3.0611 2.13275 3.72776 3.22363 2.86163 3.01778 2.93668 2.13275 2.93668 3.46697 2.79941 3.72776 3.72776 
iteração: 2
Mating pool:
1 0 
2 0 
3 2 
1 3 
3 4 
0 4 
2 2 
2 4 
2 1 
1 1 
1 2 
0 2 
0 0 
3 3 
1 3 
2 4 
3 1 
2 2 
0 3 
2 3 

'to_choose' parents:
0 0 2 1 3 0 2 2 1 1 1 0 0 3 1 2 1 2 0 2 

Crossover:
0, 1
NOT	OK	NOT	NOT	OK	
0, 0
NOT	OK	NOT	OK	OK	
2, 0
OK	NOT	OK	OK	OK	
1, 3
OK	OK	NOT	NOT	OK	
3, 1
OK	NOT	NOT	NOT	NOT	
0, 2
NOT	OK	NOT	NOT	NOT	
2, 1
OK	NOT	OK	OK	OK	
2, 2
OK	OK	NOT	OK	OK	
1, 0
OK	NOT	NOT	OK	NOT	
1, 2
NOT	NOT	OK	OK	NOT	

p_cross:
0.816667 0.227689 0.833803 0.65027 0.162639 
0.898617 0.501824 0.798891 0.104833 0.404519 
0.533575 0.711031 0.00290798 0.094397 0.0266478 
0.501985 0.599721 0.612057 0.949891 0.365754 
0.101495 0.680837 0.897817 0.679267 0.839244 
0.988282 0.416035 0.928715 0.885318 0.92327 
0.405206 0.701986 0.15096 0.239009 0.352255 
0.313598 0.137626 0.85408 0.112489 0.242459 
0.258599 0.646064 0.95349 0.261507 0.740461 
0.980138 0.763492 0.340183 0.592195 0.713383 

Offspring:
0.840188 0.352971 0.783099 0.79844 0.661273 
0.840188 0.394383 0.783099 0.79844 0.911647 
0.731351 0.628871 0.657605 0.712928 0.923822 
0.700602 0.545565 0.76823 0.277775 0.591069 
0.413144 0.635712 0.717297 0.141603 0.606969 
0.840188 0.558524 0.783099 0.79844 0.911647 
0.281505 0.628871 0.647196 0.348463 0.673448 
0.477397 0.628871 0.364784 0.513401 0.95223 
0.647397 0.335223 0.76823 0.64224 0.55397 
0.197551 0.335223 0.485818 0.442713 0.55397 
0.197551 0.376635 0.76823 0.277775 0.804344 
0.840188 0.394383 0.783099 0.79844 0.911647 
0.586234 0.394383 0.490279 0.598913 0.940055 
0.413144 0.425369 0.717297 0.141603 0.56987 
0.700602 0.335223 0.76823 0.277775 0.55397 
0.477397 0.464729 0.364784 0.513401 0.95223 
0.393443 0.335223 0.485818 0.442713 0.832752 
0.477397 0.628871 0.364784 0.513401 0.95223 
0.390342 0.394383 0.783099 0.433974 0.911647 
0.477397 0.628871 0.647196 0.348463 0.95223 

Off_Fobj:
3.43597 3.72776 3.65458 2.88324 2.51472 3.8919 2.57948 2.93668 2.94706 2.01528 2.42453 3.72776 3.00986 2.26728 2.6358 2.77254 2.48995 2.93668 2.91345 3.05416 

Sel_inds: 
0.840188 0.394383 0.783099 0.79844 0.911647 
0.197551 0.335223 0.76823 0.277775 0.55397 
0.477397 0.628871 0.364784 0.513401 0.95223 
0.916195 0.635712 0.717297 0.141603 0.606969 
0.0163006 0.242887 0.137232 0.804177 0.156679 
0.400944 0.12979 0.108809 0.998924 0.218257 
0.512932 0.839112 0.61264 0.296032 0.637552 
0.524287 0.493583 0.972775 0.292517 0.771358 
0.526745 0.769914 0.400229 0.891529 0.283315 
0.352458 0.807725 0.919026 0.0697553 0.949327 
0.840188 0.352971 0.783099 0.79844 0.661273 
0.840188 0.394383 0.783099 0.79844 0.911647 
0.731351 0.628871 0.657605 0.712928 0.923822 
0.700602 0.545565 0.76823 0.277775 0.591069 
0.413144 0.635712 0.717297 0.141603 0.606969 
0.840188 0.558524 0.783099 0.79844 0.911647 
0.281505 0.628871 0.647196 0.348463 0.673448 
0.477397 0.628871 0.364784 0.513401 0.95223 
0.647397 0.335223 0.76823 0.64224 0.55397 
0.197551 0.335223 0.485818 0.442713 0.55397 
0.197551 0.376635 0.76823 0.277775 0.804344 
0.840188 0.394383 0.783099 0.79844 0.911647 
0.586234 0.394383 0.490279 0.598913 0.940055 
0.413144 0.425369 0.717297 0.141603 0.56987 
0.700602 0.335223 0.76823 0.277775 0.55397 
0.477397 0.464729 0.364784 0.513401 0.95223 
0.393443 0.335223 0.485818 0.442713 0.832752 
0.477397 0.628871 0.364784 0.513401 0.95223 
0.390342 0.394383 0.783099 0.433974 0.911647 
0.477397 0.628871 0.647196 0.348463 0.95223 

Sel_fobj: 
0 1 2 3 4 5 6 7 8 9 3.43597 3.72776 3.65458 2.88324 2.51472 3.8919 2.57948 2.93668 2.94706 2.01528 2.42453 3.72776 3.00986 2.26728 2.6358 2.77254 2.48995 2.93668 2.91345 3.05416 
iteração: 3
Mating pool:
4 4 
4 0 
1 2 
3 1 
1 1 
4 4 
2 2 
1 2 
4 1 
4 2 
2 1 
3 3 
0 1 
3 0 
3 0 
4 2 
1 3 
4 3 
2 2 
1 4 

'to_choose' parents:
4 0 1 1 1 4 2 1 1 2 1 3 0 0 0 2 1 3 2 1 

Crossover:
4, 1
OK	OK	NOT	OK	OK	
0, 3
OK	OK	OK	OK	OK	
1, 0
NOT	NOT	OK	OK	NOT	
1, 0
OK	OK	NOT	NOT	OK	
1, 0
NOT	OK	NOT	OK	NOT	
4, 2
OK	NOT	NOT	OK	OK	
2, 1
OK	OK	NOT	NOT	OK	
1, 3
NOT	OK	OK	OK	NOT	
1, 2
NOT	NOT	OK	NOT	OK	
2, 1
OK	NOT	OK	OK	NOT	

p_cross:
0.395095 0.280204 0.739908 0.574435 0.143425 
0.546304 0.10603 0.320245 0.490326 0.491704 
0.609553 0.676808 0.135978 0.544926 0.816779 
0.0417588 0.22076 0.936889 0.711032 0.236777 
0.649194 0.0936875 0.95873 0.0551887 0.870564 
0.284436 0.834139 0.880905 0.202177 0.402082 
0.0534271 0.597273 0.682286 0.793335 0.171708 
0.825711 0.33964 0.277738 0.145956 0.829966 
0.769442 0.75551 0.506774 0.90542 0.300436 
0.323553 0.947179 0.521196 0.260443 0.65821 

Offspring:
0.143176 0.307522 0.137232 0.435695 0.434783 
0.893393 0.563313 0.737038 0.338654 0.698372 
0.197551 0.335223 0.778638 0.64224 0.55397 
0.647397 0.376635 0.76823 0.277775 0.804344 
0.197551 0.376635 0.76823 0.64224 0.55397 
0.339068 0.242887 0.137232 0.600634 0.713565 
0.281505 0.423317 0.364784 0.513401 0.673448 
0.197551 0.545565 0.732577 0.182454 0.55397 
0.197551 0.335223 0.485818 0.277775 0.832752 
0.281505 0.628871 0.647196 0.348463 0.95223 
0.0706758 0.270588 0.76823 0.646256 0.275866 
0.86299 0.466782 0.763359 0.601389 0.820244 
0.840188 0.394383 0.772691 0.433974 0.911647 
0.390342 0.352971 0.783099 0.79844 0.661273 
0.840188 0.352971 0.783099 0.433974 0.911647 
0.15463 0.628871 0.364784 0.716944 0.395344 
0.393443 0.540776 0.76823 0.277775 0.832752 
0.916195 0.425369 0.75295 0.236923 0.606969 
0.477397 0.628871 0.647196 0.513401 0.673448 
0.393443 0.335223 0.485818 0.442713 0.55397 

Off_Fobj:
1.45841 3.23077 2.50762 2.87438 2.53863 2.03338 2.25646 2.21212 2.12912 2.85826 2.03162 3.51476 3.35288 2.98613 3.32188 2.26057 2.81298 2.93841 2.94031 2.21117 

Sel_inds: 
0.840188 0.394383 0.783099 0.79844 0.911647 
0.197551 0.335223 0.76823 0.277775 0.55397 
0.477397 0.628871 0.364784 0.513401 0.95223 
0.916195 0.635712 0.717297 0.141603 0.606969 
0.0163006 0.242887 0.137232 0.804177 0.156679 
0.400944 0.12979 0.108809 0.998924 0.218257 
0.512932 0.839112 0.61264 0.296032 0.637552 
0.524287 0.493583 0.972775 0.292517 0.771358 
0.526745 0.769914 0.400229 0.891529 0.283315 
0.352458 0.807725 0.919026 0.0697553 0.949327 
0.143176 0.307522 0.137232 0.435695 0.434783 
0.893393 0.563313 0.737038 0.338654 0.698372 
0.197551 0.335223 0.778638 0.64224 0.55397 
0.647397 0.376635 0.76823 0.277775 0.804344 
0.197551 0.376635 0.76823 0.64224 0.55397 
0.339068 0.242887 0.137232 0.600634 0.713565 
0.281505 0.423317 0.364784 0.513401 0.673448 
0.197551 0.545565 0.732577 0.182454 0.55397 
0.197551 0.335223 0.485818 0.277775 0.832752 
0.281505 0.628871 0.647196 0.348463 0.95223 
0.0706758 0.270588 0.76823 0.646256 0.275866 
0.86299 0.466782 0.763359 0.601389 0.820244 
0.840188 0.394383 0.772691 0.433974 0.911647 
0.390342 0.352971 0.783099 0.79844 0.661273 
0.840188 0.352971 0.783099 0.433974 0.911647 
0.15463 0.628871 0.364784 0.716944 0.395344 
0.393443 0.540776 0.76823 0.277775 0.832752 
0.916195 0.425369 0.75295 0.236923 0.606969 
0.477397 0.628871 0.647196 0.513401 0.673448 
0.393443 0.335223 0.485818 0.442713 0.55397 

Sel_fobj: 
0 1 2 3 4 5 6 7 8 9 1.45841 3.23077 2.50762 2.87438 2.53863 2.03338 2.25646 2.21212 2.12912 2.85826 2.03162 3.51476 3.35288 2.98613 3.32188 2.26057 2.81298 2.93841 2.94031 2.21117 
iteração: 4
Mating pool:
2 2 
1 1 
2 4 
0 3 
0 2 
1 4 
4 0 
4 0 
3 0 
0 1 
3 1 
0 0 
4 1 
4 1 
1 4 
1 1 
3 0 
2 2 
4 2 
2 1 

'to_choose' parents:
2 1 2 0 0 1 0 0 0 0 1 0 1 1 1 1 0 2 2 1 

Crossover:
2, 1
OK	OK	NOT	NOT	OK	
1, 0
OK	NOT	OK	OK	OK	
2, 1
NOT	OK	OK	OK	OK	
0, 1
OK	OK	NOT	NOT	NOT	
0, 1
OK	OK	OK	OK	NOT	
1, 1
NOT	OK	NOT	NOT	NOT	
0, 0
OK	OK	OK	OK	NOT	
0, 2
NOT	OK	NOT	NOT	OK	
0, 2
NOT	NOT	NOT	OK	OK	
0, 1
OK	OK	NOT	OK	OK	

p_cross:
0.11127 0.48498 0.964807 0.911858 0.368312 
0.314936 0.884154 0.0773565 0.00470593 0.134188 
0.932357 0.524441 0.153664 0.542867 0.550951 
0.0785604 0.453812 0.901013 0.950635 0.885954 
0.511518 0.48092 0.0760675 0.0316606 0.763104 
0.982884 0.516628 0.667749 0.890838 0.800561 
0.0757608 0.0021078 0.285541 0.0405675 0.913966 
0.653854 0.355504 0.79812 0.73121 0.36021 
0.932309 0.663567 0.884651 0.0859733 0.206433 
0.435602 0.164534 0.660245 0.336615 0.115169 

Offspring:
0.281505 0.423317 0.364784 0.513401 0.673448 
0.647397 0.335223 0.778638 0.64224 0.804344 
0.477397 0.423317 0.647196 0.348463 0.673448 
0.390342 0.352971 0.783099 0.79844 0.911647 
0.390342 0.352971 0.772691 0.433974 0.911647 
0.197551 0.335223 0.76823 0.277775 0.55397 
0.840188 0.394383 0.783099 0.79844 0.911647 
0.840188 0.558524 0.783099 0.79844 0.940055 
0.840188 0.394383 0.783099 0.598913 0.940055 
0.390342 0.352971 0.783099 0.433974 0.661273 
0.393443 0.540776 0.76823 0.277775 0.832752 
0.390342 0.394383 0.772691 0.433974 0.661273 
0.197551 0.540776 0.485818 0.442713 0.832752 
0.647397 0.376635 0.76823 0.277775 0.55397 
0.647397 0.376635 0.778638 0.64224 0.55397 
0.197551 0.335223 0.76823 0.277775 0.55397 
0.840188 0.394383 0.783099 0.79844 0.911647 
0.477397 0.464729 0.364784 0.513401 0.923822 
0.477397 0.628871 0.364784 0.712928 0.923822 
0.647397 0.376635 0.76823 0.64224 0.804344 

Off_Fobj:
2.25646 3.20784 2.56982 3.2365 2.86163 2.13275 3.72776 3.92031 3.55664 2.62166 2.81298 2.65266 2.49961 2.62401 2.99888 2.13275 3.72776 2.74413 3.1078 3.23885 

Sel_inds: 
0.840188 0.394383 0.783099 0.79844 0.911647 
0.197551 0.335223 0.76823 0.277775 0.55397 
0.477397 0.628871 0.364784 0.513401 0.95223 
0.916195 0.635712 0.717297 0.141603 0.606969 
0.0163006 0.242887 0.137232 0.804177 0.156679 
0.400944 0.12979 0.108809 0.998924 0.218257 
0.512932 0.839112 0.61264 0.296032 0.637552 
0.524287 0.493583 0.972775 0.292517 0.771358 
0.526745 0.769914 0.400229 0.891529 0.283315 
0.352458 0.807725 0.919026 0.0697553 0.949327 
0.281505 0.423317 0.364784 0.513401 0.673448 
0.647397 0.335223 0.778638 0.64224 0.804344 
0.477397 0.423317 0.647196 0.348463 0.673448 
0.390342 0.352971 0.783099 0.79844 0.911647 
0.390342 0.352971 0.772691 0.433974 0.911647 
0.197551 0.335223 0.76823 0.277775 0.55397 
0.840188 0.394383 0.783099 0.79844 0.911647 
0.840188 0.558524 0.783099 0.79844 0.940055 
0.840188 0.394383 0.783099 0.598913 0.940055 
0.390342 0.352971 0.783099 0.433974 0.661273 
0.393443 0.540776 0.76823 0.277775 0.832752 
0.390342 0.394383 0.772691 0.433974 0.661273 
0.197551 0.540776 0.485818 0.442713 0.832752 
0.647397 0.376635 0.76823 0.277775 0.55397 
0.647397 0.376635 0.778638 0.64224 0.55397 
0.197551 0.335223 0.76823 0.277775 0.55397 
0.840188 0.394383 0.783099 0.79844 0.911647 
0.477397 0.464729 0.364784 0.513401 0.923822 
0.477397 0.628871 0.364784 0.712928 0.923822 
0.647397 0.376635 0.76823 0.64224 0.804344 

Sel_fobj: 
0 1 2 3 4 5 6 7 8 9 2.25646 3.20784 2.56982 3.2365 2.86163 2.13275 3.72776 3.92031 3.55664 2.62166 2.81298 2.65266 2.49961 2.62401 2.99888 2.13275 3.72776 2.74413 3.1078 3.23885 
iteração: 5
Mating pool:
4 4 
1 2 
2 1 
4 4 
2 0 
3 0 
3 2 
1 4 
4 4 
4 0 
1 0 
4 2 
3 2 
3 0 
1 0 
3 0 
1 1 
4 0 
2 0 
4 4 

'to_choose' parents:
4 1 1 4 0 0 2 1 4 0 0 2 2 0 0 0 1 0 0 4 

Crossover:
4, 0
NOT	NOT	OK	OK	OK	
1, 2
NOT	OK	OK	OK	NOT	
1, 2
OK	OK	NOT	NOT	NOT	
4, 0
OK	OK	OK	OK	NOT	
0, 0
OK	OK	NOT	NOT	OK	
0, 0
OK	OK	NOT	NOT	NOT	
2, 1
OK	OK	NOT	NOT	OK	
1, 0
NOT	OK	OK	OK	NOT	
4, 0
NOT	NOT	NOT	NOT	OK	
0, 4
NOT	NOT	OK	NOT	OK	

p_cross:
0.667438 0.837188 0.593093 0.165534 0.319713 
0.736362 0.577596 0.456092 0.235136 0.787778 
0.323681 0.0941191 0.930269 0.854837 0.837754 
0.158734 0.592426 0.0169906 0.551732 0.99026 
0.532843 0.0598992 0.934293 0.896829 0.164156 
0.500593 0.140609 0.627605 0.672042 0.780812 
0.117995 0.33948 0.618 0.711087 0.505014 
0.937713 0.44745 0.0826093 0.393805 0.682585 
0.870387 0.717486 0.776704 0.800656 0.572322 
0.614458 0.95939 0.164748 0.631449 0.511123 

Offspring:
0.0163006 0.242887 0.589339 0.800161 0.685157 
0.197551 0.540776 0.485818 0.442713 0.55397 
0.393443 0.540776 0.76823 0.277775 0.55397 
0.593022 0.348934 0.589339 0.800161 0.156679 
0.840188 0.394383 0.783099 0.79844 0.911647 
0.840188 0.394383 0.783099 0.79844 0.911647 
0.281505 0.423317 0.364784 0.513401 0.673448 
0.197551 0.376635 0.778638 0.64224 0.55397 
0.0163006 0.242887 0.137232 0.804177 0.685157 
0.840188 0.394383 0.330992 0.79844 0.38317 
0.840188 0.394383 0.330992 0.802456 0.38317 
0.477397 0.423317 0.647196 0.348463 0.95223 
0.281505 0.423317 0.364784 0.513401 0.95223 
0.263467 0.288336 0.330992 0.802456 0.911647 
0.840188 0.394383 0.783099 0.79844 0.911647 
0.840188 0.394383 0.783099 0.79844 0.911647 
0.393443 0.540776 0.76823 0.277775 0.832752 
0.840188 0.352971 0.772691 0.433974 0.911647 
0.840188 0.394383 0.783099 0.79844 0.38317 
0.0163006 0.242887 0.589339 0.804177 0.685157 

Off_Fobj:
2.33384 2.22083 2.53419 2.48813 3.72776 3.72776 2.25646 2.54904 1.88575 2.74717 2.75119 2.8486 2.53524 2.5969 3.72776 3.72776 2.81298 3.31147 3.19928 2.33786 

Sel_inds: 
0.840188 0.394383 0.783099 0.79844 0.911647 
0.197551 0.335223 0.76823 0.277775 0.55397 
0.477397 0.628871 0.364784 0.513401 0.95223 
0.916195 0.635712 0.717297 0.141603 0.606969 
0.0163006 0.242887 0.137232 0.804177 0.156679 
0.400944 0.12979 0.108809 0.998924 0.218257 
0.512932 0.839112 0.61264 0.296032 0.637552 
0.524287 0.493583 0.972775 0.292517 0.771358 
0.526745 0.769914 0.400229 0.891529 0.283315 
0.352458 0.807725 0.919026 0.0697553 0.949327 
0.0163006 0.242887 0.589339 0.800161 0.685157 
0.197551 0.540776 0.485818 0.442713 0.55397 
0.393443 0.540776 0.76823 0.277775 0.55397 
0.593022 0.348934 0.589339 0.800161 0.156679 
0.840188 0.394383 0.783099 0.79844 0.911647 
0.840188 0.394383 0.783099 0.79844 0.911647 
0.281505 0.423317 0.364784 0.513401 0.673448 
0.197551 0.376635 0.778638 0.64224 0.55397 
0.0163006 0.242887 0.137232 0.804177 0.685157 
0.840188 0.394383 0.330992 0.79844 0.38317 
0.840188 0.394383 0.330992 0.802456 0.38317 
0.477397 0.423317 0.647196 0.348463 0.95223 
0.281505 0.423317 0.364784 0.513401 0.95223 
0.263467 0.288336 0.330992 0.802456 0.911647 
0.840188 0.394383 0.783099 0.79844 0.911647 
0.840188 0.394383 0.783099 0.79844 0.911647 
0.393443 0.540776 0.76823 0.277775 0.832752 
0.840188 0.352971 0.772691 0.433974 0.911647 
0.840188 0.394383 0.783099 0.79844 0.38317 
0.0163006 0.242887 0.589339 0.804177 0.685157 

Sel_fobj: 
0 1 2 3 4 5 6 7 8 9 2.33384 2.22083 2.53419 2.48813 3.72776 3.72776 2.25646 2.54904 1.88575 2.74717 2.75119 2.8486 2.53524 2.5969 3.72776 3.72776 2.81298 3.31147 3.19928 2.33786 
iteração: 6
Mating pool:
0 4 
2 3 
2 4 
0 0 
0 0 
2 1 
1 2 
3 1 
3 2 
1 1 
1 3 
4 2 
0 1 
1 1 
1 2 
4 1 
1 2 
4 3 
3 1 
3 4 

'to_choose' parents:
0 2 2 0 0 1 1 1 2 1 1 2 0 1 1 1 1 3 1 3 

Crossover:
0, 1
OK	NOT	OK	OK	OK	
2, 2
NOT	OK	NOT	OK	OK	
2, 0
NOT	NOT	OK	OK	NOT	
0, 1
OK	NOT	OK	OK	OK	
0, 1
NOT	OK	NOT	OK	OK	
1, 1
OK	NOT	NOT	OK	NOT	
1, 1
NOT	NOT	OK	OK	OK	
1, 3
NOT	OK	OK	NOT	OK	
2, 1
NOT	OK	OK	OK	NOT	
1, 3
NOT	OK	NOT	OK	OK	

p_cross:
0.482752 0.754192 0.480353 0.0841682 0.354733 
0.672217 0.190598 0.892988 0.311531 0.379636 
0.825047 0.633429 0.439062 0.474593 0.732032 
0.299144 0.69646 0.445093 0.118617 0.0830752 
0.789603 0.449212 0.624698 0.298404 0.350829 
0.255622 0.868325 0.987623 0.476438 0.639975 
0.9872 0.959191 0.394167 0.467552 0.0433591 
0.748901 0.139769 0.233957 0.641888 0.4513 
0.613593 0.466936 0.084729 0.0526549 0.941528 
0.816761 0.351799 0.637988 0.261855 0.470416 

Offspring:
0.390342 0.394383 0.772691 0.433974 0.661273 
0.477397 0.628871 0.364784 0.513401 0.95223 
0.477397 0.628871 0.657605 0.712928 0.95223 
0.390342 0.394383 0.772691 0.433974 0.661273 
0.840188 0.352971 0.783099 0.433974 0.661273 
0.197551 0.335223 0.76823 0.277775 0.55397 
0.197551 0.335223 0.76823 0.277775 0.55397 
0.197551 0.545565 0.732577 0.277775 0.591069 
0.477397 0.423317 0.647196 0.348463 0.95223 
0.197551 0.545565 0.76823 0.182454 0.591069 
0.647397 0.335223 0.778638 0.64224 0.804344 
0.477397 0.628871 0.364784 0.513401 0.95223 
0.840188 0.394383 0.490279 0.598913 0.911647 
0.647397 0.335223 0.778638 0.64224 0.804344 
0.197551 0.376635 0.76823 0.64224 0.804344 
0.197551 0.335223 0.76823 0.277775 0.55397 
0.197551 0.335223 0.76823 0.277775 0.55397 
0.916195 0.425369 0.75295 0.141603 0.56987 
0.197551 0.540776 0.485818 0.442713 0.55397 
0.916195 0.425369 0.717297 0.236923 0.56987 

Off_Fobj:
2.65266 2.93668 3.42903 2.65266 3.07151 2.13275 2.13275 2.34454 2.8486 2.28487 3.20784 2.93668 3.23541 3.20784 2.789 2.13275 2.13275 2.80599 2.22083 2.86565 

Sel_inds: 
0.840188 0.394383 0.783099 0.79844 0.911647 
0.197551 0.335223 0.76823 0.277775 0.55397 
0.477397 0.628871 0.364784 0.513401 0.95223 
0.916195 0.635712 0.717297 0.141603 0.606969 
0.0163006 0.242887 0.137232 0.804177 0.156679 
0.400944 0.12979 0.108809 0.998924 0.218257 
0.512932 0.839112 0.61264 0.296032 0.637552 
0.524287 0.493583 0.972775 0.292517 0.771358 
0.526745 0.769914 0.400229 0.891529 0.283315 
0.352458 0.807725 0.919026 0.0697553 0.949327 
0.390342 0.394383 0.772691 0.433974 0.661273 
0.477397 0.628871 0.364784 0.513401 0.95223 
0.477397 0.628871 0.657605 0.712928 0.95223 
0.390342 0.394383 0.772691 0.433974 0.661273 
0.840188 0.352971 0.783099 0.433974 0.661273 
0.197551 0.335223 0.76823 0.277775 0.55397 
0.197551 0.335223 0.76823 0.277775 0.55397 
0.197551 0.545565 0.732577 0.277775 0.591069 
0.477397 0.423317 0.647196 0.348463 0.95223 
0.197551 0.545565 0.76823 0.182454 0.591069 
0.647397 0.335223 0.778638 0.64224 0.804344 
0.477397 0.628871 0.364784 0.513401 0.95223 
0.840188 0.394383 0.490279 0.598913 0.911647 
0.647397 0.335223 0.778638 0.64224 0.804344 
0.197551 0.376635 0.76823 0.64224 0.804344 
0.197551 0.335223 0.76823 0.277775 0.55397 
0.197551 0.335223 0.76823 0.277775 0.55397 
0.916195 0.425369 0.75295 0.141603 0.56987 
0.197551 0.540776 0.485818 0.442713 0.55397 
0.916195 0.425369 0.717297 0.236923 0.56987 

Sel_fobj: 
0 1 2 3 4 5 6 7 8 9 2.65266 2.93668 3.42903 2.65266 3.07151 2.13275 2.13275 2.34454 2.8486 2.28487 3.20784 2.93668 3.23541 3.20784 2.789 2.13275 2.13275 2.80599 2.22083 2.86565 
pop:
0.840188 0.394383 0.783099 0.79844 0.911647 
0.197551 0.335223 0.76823 0.277775 0.55397 
0.477397 0.628871 0.364784 0.513401 0.95223 
0.916195 0.635712 0.717297 0.141603 0.606969 
0.0163006 0.242887 0.137232 0.804177 0.156679 
0.400944 0.12979 0.108809 0.998924 0.218257 
0.512932 0.839112 0.61264 0.296032 0.637552 
0.524287 0.493583 0.972775 0.292517 0.771358 
0.526745 0.769914 0.400229 0.891529 0.283315 
0.352458 0.807725 0.919026 0.0697553 0.949327 

pop_Fobj:
0 
1 
2 
3 
4 
5 
6 
7 
8 
9 
